WP: (WP name) (Position)
0:(-50.0, 0.0, -50.0)
1:(-50.0, 0.0, -42.9)
2:(-50.0, 0.0, -35.7)
3:(-50.0, 0.0, -28.6)
4:(-50.0, 0.0, -21.4)
5:(-50.0, 0.0, -14.3)
6:(-50.0, 0.0, -7.1)
7:(-50.0, 0.0, 0.0)
8:(-50.0, 0.0, 7.1)
9:(-50.0, 0.0, 14.3)
10:(-50.0, 0.0, 21.4)
11:(-50.0, 0.0, 28.6)
12:(-50.0, 0.0, 35.7)
13:(-50.0, 0.0, 42.9)
14:(-50.0, 0.0, 50.0)
15:(-42.9, 0.0, -50.0)
16:(-42.9, 0.0, -35.7)
17:(-42.9, 0.0, -28.6)
18:(-42.9, 0.0, -14.3)
19:(-42.9, 0.0, -7.1)
20:(-42.9, 0.0, 0.0)
21:(-42.9, 0.0, 7.1)
22:(-42.9, 0.0, 14.3)
23:(-42.9, 0.0, 21.4)
24:(-42.9, 0.0, 28.6)
25:(-42.9, 0.0, 35.7)
26:(-42.9, 0.0, 42.9)
27:(-42.9, 0.0, 50.0)
28:(-35.7, 0.0, -50.0)
29:(-35.7, 0.0, -42.9)
30:(-35.7, 0.0, -28.6)
31:(-35.7, 0.0, -21.4)
32:(-35.7, 0.0, -14.3)
33:(-35.7, 0.0, -7.1)
34:(-35.7, 0.0, 7.1)
35:(-35.7, 0.0, 21.4)
36:(-35.7, 0.0, 35.7)
37:(-35.7, 0.0, 42.9)
38:(-35.7, 0.0, 50.0)
39:(-28.6, 0.0, -50.0)
40:(-28.6, 0.0, -42.9)
41:(-28.6, 0.0, -35.7)
42:(-28.6, 0.0, -28.6)
43:(-28.6, 0.0, -21.4)
44:(-28.6, 0.0, -7.1)
45:(-28.6, 0.0, 0.0)
46:(-28.6, 0.0, 7.1)
47:(-28.6, 0.0, 21.4)
48:(-28.6, 0.0, 28.6)
49:(-28.6, 0.0, 35.7)
50:(-28.6, 0.0, 42.9)
51:(-28.6, 0.0, 50.0)
52:(-21.4, 0.0, -50.0)
53:(-21.4, 0.0, -35.7)
54:(-21.4, 0.0, -28.6)
55:(-21.4, 0.0, -21.4)
56:(-21.4, 0.0, -14.3)
57:(-21.4, 0.0, -7.1)
58:(-21.4, 0.0, 7.1)
59:(-21.4, 0.0, 14.3)
60:(-21.4, 0.0, 21.4)
61:(-21.4, 0.0, 35.7)
62:(-21.4, 0.0, 42.9)
63:(-21.4, 0.0, 50.0)
64:(-14.3, 0.0, -50.0)
65:(-14.3, 0.0, -42.9)
66:(-14.3, 0.0, -28.6)
67:(-14.3, 0.0, -21.4)
68:(-14.3, 0.0, -14.3)
69:(-14.3, 0.0, -7.1)
70:(-14.3, 0.0, 0.0)
71:(-14.3, 0.0, 7.1)
72:(-14.3, 0.0, 14.3)
73:(-14.3, 0.0, 21.4)
74:(-14.3, 0.0, 28.6)
75:(-14.3, 0.0, 42.9)
76:(-14.3, 0.0, 50.0)
77:(-7.1, 0.0, -50.0)
78:(-7.1, 0.0, -42.9)
79:(-7.1, 0.0, -35.7)
80:(-7.1, 0.0, -28.6)
81:(-7.1, 0.0, -21.4)
82:(-7.1, 0.0, -14.3)
83:(-7.1, 0.0, -7.1)
84:(-7.1, 0.0, 0.0)
85:(-7.1, 0.0, 14.3)
86:(-7.1, 0.0, 28.6)
87:(-7.1, 0.0, 35.7)
88:(-7.1, 0.0, 42.9)
89:(-7.1, 0.0, 50.0)
90:(0.0, 0.0, -50.0)
91:(0.0, 0.0, -42.9)
92:(0.0, 0.0, -35.7)
93:(0.0, 0.0, -28.6)
94:(0.0, 0.0, -21.4)
95:(0.0, 0.0, -14.3)
96:(0.0, 0.0, -7.1)
97:(0.0, 0.0, 0.0)
98:(0.0, 0.0, 7.1)
99:(0.0, 0.0, 14.3)
100:(0.0, 0.0, 21.4)
101:(0.0, 0.0, 28.6)
102:(0.0, 0.0, 35.7)
103:(0.0, 0.0, 42.9)
104:(0.0, 0.0, 50.0)
105:(7.1, 0.0, -50.0)
106:(7.1, 0.0, -42.9)
107:(7.1, 0.0, -35.7)
108:(7.1, 0.0, -28.6)
109:(7.1, 0.0, -14.3)
110:(7.1, 0.0, -7.1)
111:(7.1, 0.0, 0.0)
112:(7.1, 0.0, 7.1)
113:(7.1, 0.0, 14.3)
114:(7.1, 0.0, 21.4)
115:(7.1, 0.0, 28.6)
116:(7.1, 0.0, 35.7)
117:(7.1, 0.0, 42.9)
118:(7.1, 0.0, 50.0)
119:(14.3, 0.0, -50.0)
120:(14.3, 0.0, -42.9)
121:(14.3, 0.0, -35.7)
122:(14.3, 0.0, -28.6)
123:(14.3, 0.0, -21.4)
124:(14.3, 0.0, -14.3)
125:(14.3, 0.0, -7.1)
126:(14.3, 0.0, 0.0)
127:(14.3, 0.0, 7.1)
128:(14.3, 0.0, 14.3)
129:(14.3, 0.0, 28.6)
130:(14.3, 0.0, 50.0)
131:(21.4, 0.0, -50.0)
132:(21.4, 0.0, -42.9)
133:(21.4, 0.0, -28.6)
134:(21.4, 0.0, -21.4)
135:(21.4, 0.0, -7.1)
136:(21.4, 0.0, 0.0)
137:(21.4, 0.0, 14.3)
138:(21.4, 0.0, 35.7)
139:(21.4, 0.0, 42.9)
140:(21.4, 0.0, 50.0)
141:(28.6, 0.0, -50.0)
142:(28.6, 0.0, -42.9)
143:(28.6, 0.0, -35.7)
144:(28.6, 0.0, -28.6)
145:(28.6, 0.0, -21.4)
146:(28.6, 0.0, -14.3)
147:(28.6, 0.0, -7.1)
148:(28.6, 0.0, 0.0)
149:(28.6, 0.0, 7.1)
150:(28.6, 0.0, 14.3)
151:(28.6, 0.0, 21.4)
152:(28.6, 0.0, 28.6)
153:(28.6, 0.0, 35.7)
154:(28.6, 0.0, 42.9)
155:(28.6, 0.0, 50.0)
156:(35.7, 0.0, -50.0)
157:(35.7, 0.0, -42.9)
158:(35.7, 0.0, -35.7)
159:(35.7, 0.0, -28.6)
160:(35.7, 0.0, -21.4)
161:(35.7, 0.0, -14.3)
162:(35.7, 0.0, -7.1)
163:(35.7, 0.0, 0.0)
164:(35.7, 0.0, 7.1)
165:(35.7, 0.0, 14.3)
166:(35.7, 0.0, 28.6)
167:(35.7, 0.0, 35.7)
168:(35.7, 0.0, 42.9)
169:(35.7, 0.0, 50.0)
170:(42.9, 0.0, -50.0)
171:(42.9, 0.0, -42.9)
172:(42.9, 0.0, -35.7)
173:(42.9, 0.0, -28.6)
174:(42.9, 0.0, -21.4)
175:(42.9, 0.0, -14.3)
176:(42.9, 0.0, -7.1)
177:(42.9, 0.0, 0.0)
178:(42.9, 0.0, 7.1)
179:(42.9, 0.0, 14.3)
180:(42.9, 0.0, 35.7)
181:(42.9, 0.0, 42.9)
182:(42.9, 0.0, 50.0)
183:(50.0, 0.0, -50.0)
184:(50.0, 0.0, -42.9)
185:(50.0, 0.0, -35.7)
186:(50.0, 0.0, -28.6)
187:(50.0, 0.0, -21.4)
188:(50.0, 0.0, -14.3)
189:(50.0, 0.0, -7.1)
190:(50.0, 0.0, 0.0)
191:(50.0, 0.0, 7.1)
192:(50.0, 0.0, 14.3)
193:(50.0, 0.0, 21.4)
194:(50.0, 0.0, 28.6)
195:(50.0, 0.0, 35.7)
196:(50.0, 0.0, 42.9)
197:(50.0, 0.0, 50.0)
WP relation
0 1 15 2 28 29 3 39 17
1 0 2 15 16 3 28 17 30
2 1 16 3 17 0 4 15 29
3 17 2 4 16 30 1 5 18
4 5 3 18 17 6 2 30 32
5 18 6 4 19 32 7 3 20
6 19 5 7 18 20 33 4 8
7 20 8 6 19 21 5 9 18
8 21 7 9 20 22 34 6 10
9 22 8 10 21 23 7 11 34
10 11 23 9 24 22 35 12 8
11 10 24 12 23 25 9 13 35
12 13 25 11 26 24 14 36 10
13 12 14 26 25 27 37 11 36
14 13 27 26 12 38 25 37 36
15 0 28 1 29 39 2 40 41
16 2 17 1 29 3 30 28 4
17 3 30 16 2 4 42 1 5
18 5 32 19 4 6 33 20 7
19 6 33 18 20 5 7 32 21
20 7 21 19 6 8 33 34 18
21 8 34 20 22 7 9 19 46
22 9 21 23 8 34 10 35 20
23 10 24 35 22 11 9 25 47
24 11 23 25 10 35 12 36 22
25 12 26 36 24 13 37 11 27
26 13 25 27 37 12 14 36 38
27 14 26 38 13 37 25 51 12
28 15 29 39 40 0 52 1 16
29 28 40 15 16 39 41 0 2
30 17 31 42 16 41 43 3 54
31 30 43 42 55 5 16 41 54
32 18 33 19 43 5 4 6 20
33 19 32 44 18 20 45 6 57
34 21 46 20 22 8 58 7 9
35 23 47 24 22 48 10 60 9
36 25 37 49 26 24 50 48 12
37 26 36 38 50 25 27 49 51
38 27 37 51 26 50 14 36 63
39 40 28 52 29 41 15 64 53
40 39 41 29 28 52 53 42 15
41 40 42 53 29 30 54 39 43
42 30 41 43 54 31 53 55 17
43 31 42 55 32 56 30 54 67
44 45 33 57 56 19 46 69 18
45 46 44 33 57 58 32 56 19
46 45 34 58 59 21 44 71 20
47 48 35 60 59 23 49 73 24
48 47 49 35 60 36 61 25 37
49 36 48 61 37 25 47 38 26
50 51 37 62 36 38 61 63 26
51 50 38 63 37 62 27 76 36
52 64 39 65 40 77 28 41 78
53 41 54 65 40 66 42 39 78
54 66 42 53 41 43 80 30 40
55 56 67 43 42 81 31 44 82
56 55 43 44 45 33 42 31 30
57 69 44 45 70 83 33 43 71
58 59 71 46 70 45 72 60 34
59 58 72 60 46 73 47 85 45
60 73 47 59 74 48 72 58 35
61 62 49 75 50 74 48 63 36
62 61 63 75 50 76 51 88 37
63 62 76 51 75 50 61 89 38
64 65 77 52 78 90 39 79 91
65 64 78 52 53 77 79 91 90
66 80 54 67 53 79 81 93 42
67 81 55 68 66 82 80 94 69
68 69 82 67 81 83 70 95 66
69 68 83 57 70 82 84 96 67
70 71 84 69 58 83 57 68 97
71 70 58 84 85 69 46 99 45
72 85 59 73 58 60 99 74 100
73 74 60 72 86 59 47 101 61
74 73 86 60 61 87 101 72 100
75 76 88 62 61 63 87 89 103
76 75 89 63 62 88 104 51 61
77 78 64 90 65 91 79 52 105
78 77 79 65 91 64 90 92 106
79 78 92 65 91 66 93 77 107
80 66 93 81 67 92 94 54 108
81 67 82 94 80 68 66 93 55
82 68 81 95 67 69 96 80 70
83 69 84 96 68 70 57 71 111
84 70 83 97 69 71 98 96 111
85 72 99 71 98 100 59 113 60
86 74 101 87 73 100 88 115 60
87 88 86 75 103 74 89 76 104
88 87 89 75 103 76 102 104 62
89 88 76 104 75 103 87 63 118
90 91 105 77 78 106 92 64 119
91 90 92 106 78 77 79 105 107
92 91 107 79 93 78 106 80 108
93 108 80 92 94 79 81 107 66
94 81 95 93 80 108 67 96 92
95 96 82 94 110 68 97 93 84
96 95 83 97 82 111 84 69 94
97 111 84 96 110 70 95 126 125
98 112 99 84 113 85 127 100 70
99 113 85 98 100 112 114 72 101
100 101 114 99 86 115 85 102 98
101 100 115 86 102 114 116 74 99
102 103 116 101 88 117 115 104 100
103 102 104 117 88 87 89 116 118
104 103 118 89 88 117 102 76 130
105 106 90 119 91 120 107 77 131
106 105 107 91 120 90 92 119 121
107 106 92 121 108 91 120 93 122
108 93 122 107 92 94 121 123 80
109 110 124 125 111 122 136 112 113
110 109 111 125 95 97 126 112 135
111 97 112 110 126 96 127 125 109
112 98 111 113 127 99 128 110 85
113 99 112 128 98 127 85 111 137
114 100 101 99 128 86 85 137 72
115 101 129 116 100 102 86 117 103
116 117 102 115 103 101 118 104 88
117 116 118 103 102 104 130 88 115
118 117 104 130 103 116 89 140 102
119 120 105 131 106 132 121 90 141
120 119 121 106 132 105 107 131 91
121 120 107 122 106 108 119 92 123
122 108 121 123 133 107 134 93 120
123 124 122 134 108 133 121 93 95
124 109 123 134 122 111 94 145 147
125 110 126 135 109 111 136 147 97
126 111 125 136 110 135 97 148 98
127 112 128 111 113 136 137 98 97
128 113 127 137 112 114 99 150 98
129 115 138 101 151 102 153 86 88
130 118 140 117 139 104 155 103 102
131 132 141 119 142 120 156 105 143
132 131 142 120 141 143 119 157 106
133 144 122 134 145 123 159 108 158
134 123 133 146 124 122 147 161 108
135 147 136 125 146 126 162 110 145
136 148 135 126 149 125 127 163 111
137 150 128 149 127 151 165 113 148
138 139 152 129 140 151 166 103 88
139 138 140 130 167 118 180 104 195
140 139 155 130 138 169 118 168 117
141 131 142 156 132 157 143 119 170
142 132 141 143 157 131 156 158 120
143 142 144 158 132 157 159 141 172
144 133 143 145 159 158 160 122 142
145 146 144 160 133 161 159 147 174
146 147 145 161 134 135 160 148 175
147 135 146 148 162 161 163 125 145
148 136 149 147 163 162 164 146 126
149 148 150 164 136 137 163 147 178
150 137 149 165 164 128 148 179 136
151 137 129 138 128 179 127 192 115
152 153 166 138 167 154 137 168 180
153 154 152 167 168 166 155 180 169
154 153 155 168 167 169 152 181 180
155 140 154 169 168 153 130 182 167
156 157 170 141 171 142 158 183 131
157 156 158 171 142 170 172 141 143
158 157 172 143 159 171 142 173 144
159 173 144 158 160 172 174 143 145
160 174 161 145 159 175 146 173 144
161 175 162 160 146 174 176 145 147
162 176 161 163 147 175 177 148 189
163 177 164 162 148 176 178 147 149
164 178 163 165 149 177 179 148 150
165 179 164 150 178 192 137 163 191
166 152 167 180 153 168 193 195 181
167 168 180 153 166 181 154 152 169
168 167 169 181 154 180 182 153 155
169 168 182 155 181 154 167 197 140
170 156 171 183 157 184 172 141 158
171 157 170 172 184 156 158 183 185
172 158 171 185 173 157 184 159 186
173 159 186 172 174 158 160 185 187
174 160 187 175 173 161 188 159 186
175 161 188 176 174 160 162 187 189
176 162 189 175 177 161 163 188 190
177 163 190 178 176 162 164 189 191
178 164 191 177 179 163 165 190 192
179 165 192 178 164 191 193 150 177
180 167 181 195 168 196 166 194 182
181 168 180 182 196 167 169 195 197
182 169 181 197 168 196 180 155 167
183 170 184 171 156 185 157 172 158
184 171 183 185 170 172 157 186 156
185 172 184 186 171 173 158 183 187
186 173 185 187 172 174 159 184 188
187 174 188 186 175 173 160 189 185
188 175 189 187 174 176 161 190 186
189 176 188 190 175 177 162 187 191
190 177 191 189 176 178 163 188 192
191 178 190 192 177 179 164 189 193
192 179 191 193 178 165 190 194 164
193 194 192 179 195 191 166 180 178
194 193 195 180 192 196 167 179 181
195 180 196 194 181 167 197 193 166
196 181 195 197 180 182 168 194 167
197 182 196 181 169 195 168 180 167
